	Gene	Mean Tumor TPM/Mean Normal TPM	P-value
1	CST1	436.1901082	2.75002E-13
2	MMP7	265.8055147	0
3	KRT23	193.398406	0
4	KRT80	144.5057421	0
5	CA9	96.80484558	4.32987E-15
6	FOXQ1	87.47507767	0
7	CDH3	73.70588024	0
8	CPNE7	64.83526916	0
9	CLDN2	59.24566402	0
10	KIAA1199	58.14924604	0
11	LY6G6D	57.15641621	1.62448E-12
12	ETV4	50.77167441	1.62448E-12
13	CLDN1	35.84110643	1.62437E-12
14	NKD1	33.66916624	1.62437E-12
15	GRIN2D	32.62160936	1.62448E-12
16	C6orf223	31.69916656	0
17	PDX1	30.78441393	0
18	MMP3	28.37183138	1.62481E-12
19	GYLTL1B	25.37969408	0
20	MMP11	25.23219591	0
21	TESC	23.58889245	1.62437E-12
22	TRIM29	23.54650332	1.62448E-12
23	NKD2	22.4935032	0
24	MMP1	21.88859304	3.44169E-15
25	PRSS22	20.82450992	1.62448E-12
26	VWA2	19.96470803	1.62448E-12
27	H19	17.52200539	1.0339E-07
28	CTHRC1	16.99567191	1.62448E-12
29	TRIB3	15.00512138	0
30	SPP1	14.96920705	2.11109E-12
31	TNS4	13.80642294	0
32	EREG	12.90910369	0
33	CGREF1	12.65463904	0
34	MDFI	12.43048215	0
35	SERPINB5	12.36778798	1.11022E-16
36	SLCO4A1	12.28816127	1.62437E-12
37	ASCL2	12.1351652	1.62437E-12
38	SPTBN2	11.5133366	1.62448E-12
39	TNFRSF6B	11.10957519	1.70441E-12
40	TDGF1	10.36255025	0
41	TGFBI	10.36228875	0
42	PABPC1L	10.30125011	0
43	SLC7A5	9.678408671	0
44	LGR5	9.238559743	1.62459E-12
45	SRPX2	9.221435496	1.11022E-16
46	SLC6A6	9.11909	1.62437E-12
47	AZGP1	8.821876087	1.62448E-12
48	IL8	8.661249386	1.5273E-11
49	ATHL1	8.53386954	0
50	MYEOV	8.269488872	0
51	GDF15	8.207937954	0
52	HOXB8	8.191893963	1.62437E-12
53	SULT2B1	8.015789867	1.62448E-12
54	MLXIPL	7.974666672	0
55	VSNL1	7.93881225	1.62448E-12
56	GDPD5	7.595012332	1.62437E-12
57	CXCL3	7.594740186	1.62448E-12
58	PSAT1	7.514407662	0
59	CXCL1	7.496499511	1.62437E-12
60	NFE2L3	7.435425413	0
61	COL1A1	7.384201422	1.62448E-12
62	RPL36A	7.260384806	1.62448E-12
63	MSLN	7.248622686	1.63736E-12
64	CHI3L1	7.214865029	2.22045E-16
65	FOSL1	7.091325389	1.62459E-12
66	PHLDA1	6.820772525	0
67	PCSK9	6.702791334	0
68	BGN	6.673187877	1.62437E-12
69	DBNDD1	6.435038379	1.62448E-12
70	TMEM132A	6.416631907	0
71	TNFRSF12A	6.395730687	0
72	APCDD1	6.353604714	3.2353E-09
73	AXIN2	6.23557517	1.62448E-12
74	MFAP2	5.906423154	0
75	THBS2	5.901270841	1.6247E-12
76	RNF43	5.895771927	1.62448E-12
77	MTHFD1L	5.893235813	0
78	NEBL	5.828098704	0
79	MACC1	5.712598688	1.62448E-12
80	SCD	5.700371418	1.62437E-12
81	PPM1H	5.66798602	0
82	SNTB1	5.651921953	1.62448E-12
83	C7orf68	5.629793344	0
84	SMOX	5.593838912	0
85	UBD	5.43518914	2.76035E-12
86	TEAD4	5.321852133	1.62448E-12
87	ANLN	5.303943359	0
88	RGS16	5.295658863	1.62448E-12
89	TRIP13	5.246946388	0
90	SLC17A9	5.236486658	1.62448E-12
91	GTF2IRD1	5.223470464	1.62448E-12
92	CXCL2	5.109004042	0
93	RECQL4	5.088796415	0
94	ProSAPiP1	5.039358567	1.62448E-12
95	KIAA1274	4.998361991	1.62448E-12
96	CDC25B	4.973688239	1.62448E-12
97	UBE2C	4.97208657	1.62448E-12
98	ATP11A	4.964208013	0
99	GZMB	4.936882883	1.69953E-12
100	PTP4A3	4.913552863	0
101	S100P	4.901199673	0
102	PMAIP1	4.899280945	1.11022E-16
103	PTK7	4.897883435	0
104	C8orf73	4.862177193	0
105	SKA3	4.855505338	0
106	RPL22L1	4.837180308	1.62448E-12
107	SULF1	4.803351607	1.11022E-16
108	DPEP1	4.803343181	2.4785E-05
109	TRPM2	4.77859563	0
110	ENC1	4.709588434	1.62448E-12
111	TGIF2	4.708257917	0
112	PLAU	4.659819738	1.62448E-12
113	TCF7	4.616510814	0
114	TROAP	4.605539961	0
115	SERPINE1	4.595512685	2.0221E-05
116	LCN2	4.588283299	3.4352E-11
117	C10orf81	4.574385083	1.62448E-12
118	TPX2	4.549713432	1.62448E-12
119	NDUFA4L2	4.538752285	3.6183E-08
120	FXYD5	4.529763754	1.62448E-12
121	ORC6L	4.525257481	1.62459E-12
122	UHRF1	4.50750781	0
123	DSCC1	4.498415252	0
124	C9orf140	4.485984959	1.62448E-12
125	MYBL2	4.479997564	1.62448E-12
126	LOC388796	4.47384992	1.62448E-12
127	AREG	4.431534173	1.62448E-12
128	MET	4.408917998	1.62437E-12
129	GALNT6	4.391630163	1.62437E-12
130	SOX9	4.352148647	0
131	ECT2	4.321086502	1.62437E-12
132	COL12A1	4.309659133	1.62448E-12
133	IQGAP3	4.308958315	0
134	PMEPA1	4.28871203	1.62437E-12
135	OSBPL3	4.288481495	1.62448E-12
136	COL5A2	4.278217008	0
137	MYC	4.270475794	1.62448E-12
138	NSUN5P1	4.220405055	1.62437E-12
139	PLEKHG4	4.165213007	1.62448E-12
140	TOMM34	4.160102035	1.62448E-12
141	NUF2	4.156844691	0
142	AGT	4.154154402	0
143	SLC39A10	4.143396918	0
144	JAG2	4.133081768	0
145	FGFRL1	4.112040878	0
146	LIF	4.095403773	1.62448E-12
147	RFC3	4.089183883	0
148	NSUN5P2	4.072120556	0
149	BMP4	4.071640707	0
150	TOP1MT	4.017746156	0
151	S100A11	3.990033183	1.62448E-12
152	EPHB3	3.955969499	1.62448E-12
153	BOP1	3.935698109	0
154	FKBP10	3.931871238	1.62448E-12
155	C20orf199	3.919184553	0
156	PUS7	3.901711885	1.62437E-12
157	SLC5A6	3.892961609	0
158	TIMP1	3.881568324	0
159	FAM92A1	3.877784475	1.62437E-12
160	DGAT2	3.872859482	0
161	CTSL2	3.865904949	0
162	SNHG1	3.86063239	0
163	APOC2	3.857248848	1.62792E-12
164	SPNS2	3.853260794	1.62448E-12
165	JPH1	3.840925895	1.62448E-12
166	DIAPH3	3.84055513	0
167	ZNRF3	3.834378402	1.62437E-12
168	E2F1	3.833952416	0
169	GTF3A	3.821179908	1.62448E-12
170	PAQR4	3.816784698	1.62448E-12
171	HES6	3.811692449	0
172	ALDH4A1	3.810883975	1.62437E-12
173	SQLE	3.809663193	0
174	SYT7	3.801282896	1.62437E-12
175	C13orf18	3.795545341	1.62459E-12
176	COL1A2	3.777190612	1.11022E-16
177	CBX8	3.773045213	1.62437E-12
178	CDC6	3.761797489	1.62459E-12
179	EFNA3	3.752281204	0
180	SCML1	3.746678049	1.62437E-12
181	LY6E	3.745494628	1.62437E-12
182	SOX4	3.740723517	1.62448E-12
183	PPAT	3.730455062	1.62448E-12
184	ATAD2	3.721595089	1.62437E-12
185	UBE2S	3.72065704	0
186	COL5A1	3.716078765	1.62448E-12
187	CCND1	3.712262573	1.62448E-12
188	CDCA7	3.706341537	1.11022E-16
189	CEP55	3.691771233	0
190	C7orf40	3.685935566	1.62448E-12
191	C19orf48	3.684181172	1.62437E-12
192	EVPL	3.675020462	1.62448E-12
193	FAM89A	3.672744532	0
194	HJURP	3.671822921	0
195	SLC38A5	3.648799004	0
196	PHGDH	3.62763863	1.62448E-12
197	HSPH1	3.610179449	0
198	GINS1	3.586858725	1.62437E-12
199	PYCR1	3.555564916	0
200	DUSP14	3.536972183	1.62448E-12
201	MND1	3.531472863	1.62437E-12
202	C20orf20	3.524512858	0
203	SLC2A1	3.522090418	1.62448E-12
204	PKMYT1	3.51141981	0
205	BAMBI	3.507001875	1.62437E-12
206	CSE1L	3.49752889	1.62448E-12
207	LOXL2	3.485712614	1.62448E-12
208	DMKN	3.484952247	0
209	NME1	3.467817278	0
210	CCL24	3.458625921	1.62548E-12
211	MFI2	3.427631839	1.62492E-12
212	CENPF	3.420730025	1.62437E-12
213	DKC1	3.420074708	0
214	CKAP2	3.418248969	1.62448E-12
215	AURKA	3.416111134	0
216	PSPH	3.415324905	1.62426E-12
217	CDH11	3.409601749	0
218	TMEM97	3.407865309	1.62437E-12
219	C10orf2	3.403774702	1.62437E-12
220	CDK1	3.398596554	0
221	GPT2	3.387067214	0
222	CCL20	3.384202043	1.78424E-12
223	LYAR	3.377950529	0
224	UTP14A	3.372757641	1.62437E-12
225	CPNE1	3.368348317	1.62437E-12
226	ZNF692	3.365315944	1.62448E-12
227	TRAF5	3.356354638	1.62448E-12
228	E2F5	3.35149964	0
229	KCNN4	3.349413529	1.62448E-12
230	PTPRO	3.342114818	2.07612E-14
231	IFITM1	3.333153681	1.62448E-12
232	ANXA3	3.325060754	0
233	CHPF	3.319068182	1.62459E-12
234	CBX4	3.314097386	1.62448E-12
235	WDR90	3.305676429	1.62448E-12
236	NME1-NME2	3.298600969	1.62437E-12
237	SORD	3.294884446	0
238	CDC45	3.292420644	1.62448E-12
239	TOP2A	3.287488633	0
240	RIPK2	3.282203027	1.62448E-12
241	KIF20A	3.276726793	0
242	CHTF18	3.272728405	1.62448E-12
243	C10orf35	3.271864078	0
244	PDPN	3.271796923	0
245	C3orf26	3.269355101	1.11022E-16
246	GPSM2	3.26857988	0
247	VEGFA	3.263404782	0
248	NEK2	3.256867244	1.62448E-12
249	VCAN	3.238528823	1.62426E-12
250	RHBDF2	3.234503988	1.62437E-12
