	Gene	Mean Tumor TPM/Mean Normal TPM	P-value
1	OTOP2	0.001955803	9.84179E-12
2	CA1	0.007814195	4.9834E-11
3	GUCA2B	0.008411725	1.7363E-11
4	PYY	0.008496347	6.8897E-07
5	AQP8	0.008680594	4.7506E-08
6	BEST4	0.011632654	4.82836E-13
7	TMIGD1	0.012458917	5.08482E-14
8	CD177	0.013431582	1.2138E-09
9	SST	0.016028419	8.3177E-05
10	MS4A12	0.018753767	5.2215E-09
11	CA7	0.018775035	1.64457E-12
12	CA4	0.021416185	4.04121E-14
13	CLDN8	0.023346438	1.52142E-05
14	CDKN2BAS	0.023962063	2.13385E-13
15	ZG16	0.024044683	1.8104E-11
16	GUCA2A	0.024610132	2.52021E-14
17	ABCG2	0.028369745	8.1669E-07
18	CLCA4	0.028492163	2.4523E-09
19	SCGN	0.031715534	2.52021E-14
20	GCG	0.032153	0.00030323
21	CA2	0.032934534	0
22	BMP3	0.033021459	1.88738E-15
23	GBA3	0.033978462	0.00092229
24	OSTalpha	0.036253031	1.016E-07
25	SCARA5	0.037731676	0
26	TMEM72	0.040907412	8.63754E-14
27	MT1M	0.041875533	2.6236E-11
28	SLC26A3	0.042381461	9.26925E-13
29	SCNN1B	0.04578804	2.5592E-11
30	SLC4A4	0.046010337	0
31	CEACAM7	0.047552851	6.14842E-13
32	MT1H	0.049468749	8.5901E-07
33	CHGA	0.050119478	2.8915E-11
34	SPIB	0.052750937	1.62559E-12
35	USP2	0.052839195	8.4132E-11
36	PI16	0.05499184	1.8048E-10
37	CADM3	0.055717062	3.48721E-13
38	BEST2	0.056337254	1.2641E-11
39	UGT1A8	0.056584964	2.55573E-13
40	CNTFR	0.056673769	4.9343E-10
41	SULT1A2	0.057104726	3.33888E-12
42	ADH1B	0.057816996	1.69365E-12
43	CHP2	0.058300855	0
44	LYVE1	0.058736459	7.2816E-09
45	NR1H4	0.059469509	0.000117309
46	ADH1C	0.059867218	8.88178E-16
47	CWH43	0.061215504	1.62448E-12
48	IGJ	0.062644925	2.04758E-12
49	PKIB	0.063420282	0
50	B4GALNT2	0.064645477	1.909E-10
51	OSTBETA	0.065089209	1.15463E-14
52	UGT2B15	0.065164252	1.5727E-09
53	CLEC3B	0.06527534	6.55032E-15
54	SLC26A2	0.065794126	4.38871E-13
55	TRPM6	0.066736363	1.0704E-10
56	ANPEP	0.068808866	0.00036189
57	SLC9A3	0.071085245	5.0709E-07
58	C11orf86	0.07158945	2.2738E-11
59	SFRP1	0.072137675	5.1599E-10
60	C2orf88	0.074231747	0
61	LOC646627	0.080446634	1.8836E-11
62	HRASLS2	0.080749907	2.2878E-05
63	DPT	0.08212199	1.61078E-05
64	FAM23A	0.082382311	0
65	TMEM82	0.082519512	1.62526E-12
66	GPR15	0.083489756	2.94897E-12
67	FXYD1	0.083783965	4.17688E-12
68	DNASE1L3	0.085070139	1.63014E-12
69	HSD17B2	0.085143154	5.29066E-12
70	TNXB	0.087594204	9.25E-09
71	B3GNT7	0.087610056	4.3598E-07
72	UGT1A10	0.087726785	1.66533E-15
73	LRRN2	0.088157292	1.9965E-11
74	ADAMDEC1	0.089220423	1.78746E-14
75	MT1G	0.089225799	6.58151E-12
76	GDPD2	0.089912709	2.2536E-11
77	STMN2	0.091329436	1.62448E-12
78	WISP2	0.093527358	9.4542E-10
79	GREM2	0.09439588	1.52878E-13
80	TNFRSF17	0.09563387	2.53797E-13
81	OGN	0.095731537	1.3329E-08
82	PLAC9	0.097232485	1.6257E-12
83	SLC17A4	0.09835133	1.82365E-12
84	EDN3	0.099463939	0
85	GPT	0.101165423	0
86	MT1F	0.101501486	2.5014E-11
87	PADI2	0.106433688	0
88	CTSG	0.109175697	1.64868E-12
89	FAM107A	0.109189431	1.895E-11
90	C7	0.109218224	3.0492E-07
91	BTNL8	0.109548826	3.9581E-11
92	CD163L1	0.110645365	3.171E-11
93	LDHD	0.111812605	0
94	C6orf105	0.113788171	3.33067E-16
95	PLAC8	0.115816555	1.76326E-12
96	FABP2	0.11587997	0.000142792
97	CDKN2B	0.116747479	9.99201E-16
98	DHRS9	0.119383604	1.67644E-14
99	VIP	0.120108019	5.855E-08
100	CLDN23	0.120957884	9.51816E-12
101	AKR1B10	0.122276626	1.63014E-12
102	PDK4	0.123104986	2.3075E-06
103	LMOD1	0.124474307	0.00057686
104	TMEM37	0.124578523	6.01741E-14
105	PLN	0.12474704	0.00030053
106	VSIG2	0.126479302	1.22125E-15
107	CFD	0.127757092	1.0103E-14
108	MOGAT2	0.127885764	0
109	HBB	0.127949067	3.8805E-05
110	LOC25845	0.128572611	8.6363E-07
111	WSCD1	0.129054556	1.62448E-12
112	FHL1	0.129693171	1.4809E-06
113	PGM5	0.130769885	0.00025982
114	SEPP1	0.13125205	3.7564E-09
115	ITLN1	0.133268968	3.0531E-07
116	ABI3BP	0.133415266	1.1283E-09
117	LGALS2	0.134005805	9.4484E-07
118	UGT2A3	0.135442147	0
119	SECTM1	0.136146625	3.3852E-10
120	SEMA6D	0.136217681	1.62814E-12
121	ASB2	0.137592894	1.50988E-05
122	CLEC10A	0.139789743	1.77225E-12
123	SCGB2A1	0.141836902	2.1381E-06
124	PTGS1	0.144660705	0.000144362
125	FAM129A	0.147410385	6.2125E-05
126	F13A1	0.149047962	1.9364E-07
127	SGK1	0.149092637	7.9823E-07
128	FAM55D	0.150712101	0
129	IL6R	0.150765667	0
130	BTNL3	0.152263068	7.43849E-15
131	HPGD	0.152680267	1.62481E-12
132	LRRC19	0.154227042	1.62448E-12
133	CCL13	0.154528258	5.0903E-09
134	NEU4	0.156220205	4.36318E-14
135	PCK1	0.156871422	3.1572E-11
136	ST6GALNAC6	0.157149222	3.2606E-09
137	CDHR5	0.157407723	3.301E-09
138	PHGR1	0.157460084	5.06661E-12
139	NKX2-3	0.158127821	1.0873E-10
140	C14orf176	0.158151883	8.3595E-08
141	EPB41L3	0.160629899	1.62437E-12
142	FCGBP	0.160774203	2.97617E-12
143	HHLA2	0.162997127	2.22045E-16
144	KRT20	0.163379337	1.62925E-12
145	SCIN	0.163843833	6.15707E-12
146	TUBAL3	0.164195217	2.56395E-12
147	TSPAN7	0.164409196	0
148	MT1E	0.165298653	3.57492E-14
149	FGL2	0.165335925	0
150	SRPX	0.165689745	5.4625E-08
151	NR3C2	0.165933373	1.62448E-12
152	AHCYL2	0.166309299	1.62459E-12
153	HEPACAM2	0.166713001	1.11022E-16
154	FOLR2	0.167053299	2.6228E-08
155	CXCL12	0.167371776	6.7974E-11
156	HBA1	0.167574732	9.567E-05
157	SMPDL3A	0.168749823	1.6247E-12
158	DHRS11	0.169189149	1.62448E-12
159	HRCT1	0.169245652	3.2775E-11
160	EYA2	0.16980838	9.06053E-13
161	AQP7	0.170220252	7.2273E-10
162	CCDC69	0.171544162	1.70217E-05
163	SDPR	0.17203707	2.3245E-05
164	AMN	0.172319613	2.196E-10
165	MMP28	0.174075815	0
166	TPSG1	0.176140512	1.1626E-10
167	PDE9A	0.176517496	1.7451E-11
168	CCL14	0.177934279	2.51099E-12
169	ENTPD8	0.178883431	4.6293E-12
170	KLF4	0.178969731	1.62437E-12
171	FABP1	0.180497349	2.33147E-15
172	CLCA1	0.181720154	1.01197E-12
173	CD209	0.181752606	8.77076E-15
174	PLCL2	0.183163936	1.62448E-12
175	ADAM6	0.184369187	2.0717E-11
176	AGPAT9	0.18528291	0
177	CHST5	0.186144281	4.4155E-10
178	SLC22A18AS	0.186431204	1.62448E-12
179	SULT1A1	0.186653349	1.75326E-12
180	HMGCS2	0.187121256	9.38927E-12
181	PLCD1	0.18881009	4.996E-15
182	B3GALT5	0.1891552	2.2966E-10
183	CHRDL1	0.190192617	6.7566E-07
184	PHLPP2	0.190449709	1.67577E-12
185	CDHR2	0.191338573	0.00038145
186	HSD11B2	0.192166921	0
187	BCAS1	0.19378304	0
188	CPM	0.195245436	0
189	ENTPD5	0.196227542	0
190	METTL7A	0.197780048	0
191	SULT1B1	0.197933985	1.62448E-12
192	GGTA1	0.198235988	3.60334E-12
193	S100B	0.198560096	1.61279E-05
194	MEP1A	0.199247335	1.4235E-07
195	MT2A	0.199602104	5.41212E-12
196	TP53INP2	0.200035293	9.99201E-16
197	GPX3	0.20052881	8.1818E-10
198	ITM2C	0.200761121	0
199	KCNMA1	0.2011486	9.9631E-05
200	REP15	0.201609839	3.35731E-13
201	MB	0.202384826	1.84786E-12
202	PPP1R14A	0.202703847	9.8489E-05
203	TMCC3	0.203506621	1.10623E-12
204	ACADS	0.203565905	1.62448E-12
205	CFL2	0.204303684	0.00070456
206	C15orf48	0.205143268	0
207	GDPD3	0.206674723	9.88098E-15
208	ZBTB7C	0.208802946	0
209	SLC13A2	0.208971842	2.0017E-05
210	B3GNT6	0.209573867	1.62692E-12
211	TSPAN1	0.21034018	1.62459E-12
212	ISX	0.211472067	4.14113E-14
213	SDCBP2	0.212003901	1.62437E-12
214	CD36	0.212094534	0
215	C1orf115	0.212236077	2.6511E-11
216	TMEM171	0.21357418	5.44009E-15
217	NR5A2	0.213575068	0
218	CD79A	0.214361769	1.454E-07
219	CRYAB	0.2144465	7.6975E-05
220	PPP1R12B	0.215069115	0.00091851
221	RDH5	0.216934604	0
222	MT1X	0.217798613	3.51064E-12
223	MFSD4	0.219503571	7.9061E-07
224	FOXF2	0.220366518	1.4348E-06
225	LGALS9C	0.220602582	2.138E-09
226	XDH	0.220686671	3.7811E-08
227	CA12	0.220694179	0
228	MFAP5	0.221588048	1.4827E-09
229	SEMA6A	0.224767485	0
230	SLIT3	0.224894648	6.1479E-08
231	CES3	0.226506091	1.62526E-12
232	RGMA	0.226643533	2.365E-05
233	CLDN5	0.228573665	1.82077E-14
234	PBLD	0.228973963	6.04405E-12
235	HBA2	0.23095638	0.00038065
236	LPAR1	0.231508979	0
237	LOC389332	0.231679766	0
238	CCL28	0.231799034	0
239	CEACAM1	0.232147083	1.2586E-10
240	FXYD6	0.23233968	0.00038144
241	NAAA	0.232495445	1.62825E-12
242	IGFBP6	0.232598218	3.6985E-09
243	FAM55A	0.234669368	3.63165E-12
244	SLC16A9	0.234936725	2.5936E-07
245	CPNE5	0.236133197	2.28251E-12
246	RICH2	0.236205656	3.33067E-16
247	ARL14	0.2380211	6.6211E-09
248	IL1R2	0.239460263	2.5809E-09
249	CLU	0.23976282	3.2412E-07
250	RASD2	0.241998497	4.95448E-12
